0.140378
0.141529
0.144811
0.148004
0.148984
0.149928
0.154622
0.155036
0.155746
0.158408
0.162032
0.162959
0.165558
0.166097
0.168795
0.16929
0.169784
0.170135
0.17045
0.17116
0.174802
0.17527
0.177158
0.178588
0.17893
0.179146
0.181133
0.184964
0.185459
0.185998
0.188426
0.190612
0.191034
0.194451
0.194685
0.196169
0.198192
0.200027
0.203615
0.204137
0.207914
0.211259
0.2125
0.212752
0.214865
0.215027
0.21857
0.219038
0.220872
0.223085
0.226484
0.228507
0.228606
0.231016
0.2342
0.237599
0.239424
0.242626
0.245495
0.248678
0.25134
0.254757
0.257266
0.260881
0.262707
0.2642
0.264326
0.267212
0.268804
0.270369
0.273138
0.274757
0.277959
0.280908
0.283669
0.286511
0.289182
0.290908
0.29375
0.296592
0.29893
0.301583
0.304568
0.307302
0.30982
0.31277
0.313993
0.315
0.315863
0.316223
0.316799
0.317302
0.31795
0.318741
0.319317
0.32
0.320791
0.321367
0.321799
0.322662
